694.91
689.47
684.79
680.15
674.91
669.61
664.16
659.65
654.61
649.91
644.52
639.28
634.19
628.83
623.64
618.61
613.54
608.6
604.02
598.88
593.96
588.68
583.99
579.32
574.37
568.89
563.74
559.09
554.13
548.77
543.66
538.63
534.05
529.07
523.83
518.95
513.75
508.33
503.56
498.45
493.22
488.11
482.66
477.3
472.37
467.63
462.58
457.38
452.33
446.96
442.24
437.31
432.03
427.52
422.89
418.38
413.51
408.9
403.44
398.05
393.01
388.06
383.5
378.26
373.29
368.31
363.2
358.63
353.32
348.22
343.33
338.67
334.12
329.5
324.91
319.65
314.47
309.37
304.84
299.67
295.01
290.12
285.59
280.99
275.6
270.42
265.62
260.82
256.01
251.26
700
695.19
690.01
684.75
679.88
674.42
669.2
664.03
658.66
653.25
648.06
643.28
637.99
633.43
627.95
623.0
617.71
613.18
608.34
603.25
598.28
592.81
587.57
582.69
577.65
572.98
567.88
562.7
557.52
552.73
548.07
542.7
537.73
532.58
527.61
522.13
517.22
512.22
506.82
501.54
496.18
491.12
486.41
481.9
477.15
472.27
466.78
461.34
456.04
450.77
445.79
440.45
435.31
430.25
425.57
420.38
415.19
410.36
405.83
401.26
396.25
390.94
385.89
381.37
376.07
370.9
366.04
361.04
356.2
350.85
346.34
341.24
336.45
331.42
326.6
321.58
316.6
311.35
306.82
302.3
297.75
292.52
287.22
281.94
276.44
271.7
266.57
261.11
256.47
251.18
700
694.54
689.26
683.87
678.74
673.65
669.09
664.53
659.62
654.35
649.25
644.03
638.58
633.46
628.51
623.43
618.46
613.22
607.84
602.74
597.33
591.92
586.57
581.69
576.91
572.24
567.45
562.17
556.93
551.83
546.93
542.31
537.17
531.72
526.92
521.73
516.42
511.91
507.06
501.61
497.1
492.02
487.1
482.18
476.81
471.92
466.6
461.66
456.48
451.17
446.2
441.26
436.58
431.53
426.82
421.93
416.85
411.9
407.09
402.18
396.8
391.41
386.08
380.88
375.38
370.6
365.44
359.94
355.09
350.43
345.04
340.24
334.91
329.67
325.07
319.78
314.46
309.32
304.78
299.46
294.95
290.23
285.25
279.9
274.41
269.17
264.31
259.42
254.59
250.06
700
694.69
690.01
685.08
680.45
675.82
670.69
665.89
660.92
655.83
650.52
645.36
640.49
635.71
631.11
625.7
620.65
616.07
611.29
605.94
600.44
595.22
590.4
585.67
580.75
576.2
571.35
566.74
561.88
557.13
551.98
546.54
541.92
536.55
531.88
526.83
521.75
516.85
511.49
506.07
500.89
495.46
490.8
485.87
481.08
476.18
470.98
465.58
460.37
455.22
450.4
445.26
440.1
435.47
430.17
424.76
420.08
415.23
410.56
405.67
400.29
395.24
390.15
385.06
380.08
374.66
369.87
364.74
359.51
354.06
348.67
343.28
338.72
333.7
328.45
323.4
318.8
313.38
308.51
303.26
298.61
293.57
288.09
283.56
279.03
273.88
268.53
263.36
258.85
254.07
700
695.25
690.58
686.07
681.52
676.28
670.84
666.18
661.04
656.39
651.11
646.57
641.77
637.01
631.92
626.82
622.25
616.87
612.09
607.47
602.32
597.0
592.41
587.82
582.89
577.73
572.32
566.97
561.89
557.36
551.86
546.84
541.5
536.07
531.08
525.82
520.96
515.89
511.15
506.28
501.68
496.78
491.96
486.95
482.13
477.18
472.61
467.48
462.23
457.41
451.97
446.83
441.77
436.98
431.95
427.08
422.56
417.91
413.23
408.41
403.68
398.95
394.17
389.53
384.04
378.68
373.49
368.03
362.67
357.54
352.4
347.2
341.99
336.88
332.35
326.94
321.62
316.49
311.19
306.45
301.29
296.13
291.58
286.35
281.01
276.3
270.99
265.5
260.35
254.94
250.27
700
694.88
689.81
684.98
680.18
674.87
669.99
664.72
660.11
655.6
650.18
645.45
640.46
635.68
630.81
625.89
621.1
616.23
611.6
606.78
601.48
596.08
591.39
586.22
581.51
576.35
571.53
567.0
562.34
557.27
551.96
547.33
542.29
537.28
531.86
526.82
521.74
516.64
511.65
506.79
502.22
497.13
492.27
487.24
482.02
477.39
472.53
467.44
462.28
457.46
452.46
447.31
442.54
437.29
432.06
427.24
422.54
417.75
412.8
407.58
402.99
398.34
392.99
388.0
382.99
377.85
372.63
368.07
363.2
358.46
353.24
348.49
343.17
337.9
333.26
328.68
323.35
317.86
313.13
308.11
303.05
297.89
293.16
288.25
282.85
278.27
272.83
268.28
263.5
258.1
253.33
700
695.29
690.39
685.59
680.42
675.41
670.03
664.99
660.38
655.11
650.15
644.71
639.33
634.75
629.78
624.99
620.28
614.96
609.64
604.5
599.2
594.34
589.53
584.9
580.09
575.17
569.98
564.52
559.86
555.12
550.55
545.28
539.96
535.2
529.9
525.11
520.38
515.17
509.73
504.97
499.94
495.38
490.07
484.87
479.8
474.6
469.77
465.05
460.17
455.45
450.92
445.75
440.94
436.09
431.46
426.45
421.2
415.79
410.84
406.2
400.89
396.37
391.12
385.78
381.13
375.68
370.28
365.44
360.71
356.04
350.67
345.31
340.36
335.05
330.38
324.98
320.16
315.21
310.03
305.11
299.61
294.83
289.51
284.16
279.35
274.13
268.63
263.59
258.13
253.58
700
694.93
689.85
684.65
679.4
674.09
669.11
664.05
659.48
654.96
649.56
644.7
639.34
634.31
629.13
623.81
618.39
613.77
609.12
603.79
598.87
594.32
589.56
585.03
580.11
574.8
569.51
564.97
559.73
554.3
549.19
543.8
538.52
533.04
528.53
523.74
518.27
513.5
508.29
503.57
498.14
493.62
488.98
483.56
478.72
473.75
468.93
463.52
458.63
453.55
448.1
443.5
438.67
433.9
428.49
423.63
418.86
414.32
408.9
403.74
399.13
394.5
389.28
384.57
379.76
374.91
369.94
365.1
360.37
355.83
351.23
346.32
341.17
336.2
331.01
325.6
320.35
315.32
309.96
305.3
300.24
295.29
290.33
285.75
280.52
275.26
270.05
265.4
259.96
254.88
250.23
700
695.13
689.67
684.71
679.56
674.26
669.66
664.19
659.31
654.53
649.79
645.08
639.72
634.68
629.62
624.29
618.87
613.6
608.36
603.45
598.21
593.69
588.49
583.02
578.28
573.61
568.8
563.99
558.57
553.82
548.43
543.16
538.37
533.53
528.95
524.14
518.97
514.32
509.64
505.04
500.3
494.84
489.44
484.3
479.53
474.87
469.48
464.7
460.08
455.05
449.61
445.09
439.66
434.72
429.42
424.5
419.72
414.26
409.15
403.86
398.51
393.43
387.95
382.81
378.16
372.79
367.35
362.04
356.77
351.69
346.5
341.95
337.11
332.57
327.92
323.06
318.22
313.2
308.29
303.17
298.65
293.68
289.11
284.07
278.9
273.6
268.11
263.25
258.08
253.28
700
695.31
690.04
684.69
679.72
675.18
670.46
665.11
660.34
655.37
650.86
645.59
640.43
635.35
629.88
624.63
619.76
614.46
609.81
605.3
600.69
595.52
590.65
586.08
581.34
576.6
571.42
566.52
561.2
556.37
551.35
546.18
540.75
535.72
530.72
526.08
520.58
515.44
510.91
505.72
501.11
496.39
491.24
486.6
481.59
476.16
471.3
466.49
461.62
456.22
451.44
445.95
441.0
436.43
431.19
425.73
420.55
415.89
410.48
405.83
401.19
395.7
390.85
385.35
380.59
375.9
371.34
366.23
361.64
356.65
351.44
346.69
341.34
336.55
331.93
326.91
322.17
317.46
312.77
307.97
303.09
297.87
292.96
287.69
283.07
278.1
272.8
267.87
262.48
257.06
251.69
700
694.94
690.02
684.74
679.62
674.76
670.11
664.97
659.87
655.17
650.43
645.66
640.63
635.62
630.94
625.66
620.31
615.2
610.11
604.99
599.92
595.24
589.89
584.49
579.39
573.95
569.06
563.85
558.62
553.71
549.11
544.18
539.2
534.1
529.26
524.47
519.89
514.53
509.95
504.53
499.47
494.14
489.32
484.71
479.78
474.36
469.41
464.4
458.91
453.93
448.85
444.31
439.46
433.96
429.23
424.43
419.61
414.85
409.92
404.84
399.37
394.65
389.28
384.43
379.21
374.09
369.05
363.81
358.52
354.01
349.5
344.33
339.7
335.11
329.92
324.53
319.43
314.21
309.2
303.7
299.18
294.2
288.96
284.02
279.17
274.41
269.65
265.05
260.21
254.78
700
694.67
690.15
684.71
679.24
673.74
150
150
150
150
150
150
150
150
150
150
150
150
150
150
150
