694.5
689.28
684.55
679.84
675.27
670.65
666.1
661.49
656.65
651.38
646.86
641.46
636.44
631.51
626.68
621.54
616.26
611.29
606.77
601.82
596.87
591.42
586.6
581.96
576.52
571.59
566.14
560.76
555.67
550.85
546.01
540.82
535.8
530.58
525.63
520.65
515.25
510.25
505.7
500.39
495.33
490.56
485.33
480.36
475.74
471.15
465.91
460.78
455.97
450.87
445.9
441.29
436.07
430.61
425.75
420.94
416.09
411.25
405.85
400.77
396.07
390.96
385.51
380.12
375.15
369.88
364.71
360.09
354.7
349.96
344.96
339.89
334.56
329.81
324.8
320.26
315.58
310.19
305.4
300.84
295.63
290.63
285.74
280.24
275.61
270.81
266.08
261.53
256.65
251.47
700
695.37
690.03
684.83
680.2
675.23
669.79
665.08
660.4
655.0
649.51
644.57
639.53
634.71
630.18
624.95
619.61
614.33
609.18
604.09
599.41
594.42
589.01
583.97
579.42
574.63
569.89
564.95
559.89
555.33
549.92
545.14
540.48
534.98
529.75
524.57
519.17
513.98
508.95
503.73
498.7
493.68
488.98
484.02
478.94
473.86
468.73
463.56
458.59
453.16
448.43
443.13
438.48
433.77
429.1
423.74
418.45
413.53
408.46
403.71
399.14
393.94
388.51
383.25
378.53
373.98
368.68
364.17
359.21
354.67
349.84
344.72
339.78
335.2
329.9
325.12
319.97
314.67
309.23
304.06
299.25
294.07
289.04
284.3
279.37
274.29
268.79
263.31
257.94
253.04
700
695.05
690.34
685.37
679.89
674.6
669.61
664.68
659.85
654.44
649.2
644.55
639.69
634.46
629.35
624.1
619.57
614.56
609.59
604.66
599.89
595.1
589.76
584.59
579.89
574.76
569.95
564.78
559.28
554.72
549.66
545.07
540.03
535.05
530.27
524.99
520.16
514.9
509.79
504.31
499.52
494.8
489.5
484.13
478.99
474.29
469.27
464.02
458.57
453.89
449.02
443.78
438.94
434.22
429.26
423.91
418.72
413.4
408.07
402.73
398.13
393.05
388.37
382.98
378.26
373.28
368.09
362.84
358.33
353.68
348.32
342.93
337.74
332.86
328.28
323.66
318.3
312.92
307.43
302.01
296.81
291.83
286.73
282.14
277.06
271.62
266.93
261.76
256.42
251.13
700
694.85
689.5
684.5
679.93
675.24
670.72
665.3
659.89
654.47
649.82
645.05
639.99
635.41
630.13
624.86
619.94
615.23
610.06
605.47
600.96
595.78
590.78
585.76
580.67
575.65
570.4
565.43
560.26
555.34
550.82
545.62
540.7
535.61
530.31
525.32
520.22
515.54
510.25
505.4
500.8
495.69
491.05
485.72
480.94
475.94
470.8
465.83
461.08
456.03
451.42
446.82
441.68
436.37
431.09
425.92
420.91
416.29
411.64
407.02
401.75
396.33
391.51
386.62
381.68
376.95
371.55
366.05
360.7
356.11
350.77
345.74
340.43
335.16
330.51
325.11
319.93
314.66
309.26
303.79
298.43
293.62
288.8
283.64
278.94
273.48
268.14
263.47
258.09
252.69
700
694.78
689.93
684.87
679.55
675.04
670.53
665.34
660.22
655.66
650.26
644.89
639.9
635.39
630.77
625.7
620.41
615.22
610.12
604.63
599.51
594.69
589.27
583.88
579.2
574.38
569.13
564.24
559.55
554.68
549.5
544.53
539.12
534.02
529.32
524.2
519.59
514.68
509.62
504.63
499.51
494.44
488.95
483.77
478.72
474.05
468.99
464.06
459.18
454.43
449.66
444.8
439.97
435.26
430.26
425.2
420.46
415.17
410.39
405.33
399.89
394.5
389.9
384.89
380.26
374.77
369.52
364.2
359.47
354.03
349.05
343.95
338.46
333.71
328.74
323.6
318.73
313.47
308.56
303.65
298.96
293.47
288.25
283.34
278.05
272.86
267.36
262.45
257.93
252.47
700
695.49
690.79
686.09
680.68
675.99
670.56
665.61
660.48
655.66
650.96
645.64
640.63
635.74
630.58
626.05
620.82
615.64
610.71
605.96
600.92
596.17
591.62
586.48
581.26
576.33
571.45
566.33
561.43
555.97
550.96
546.0
541.26
536.6
531.78
526.58
521.92
517.22
511.91
506.98
501.64
496.49
491.79
486.65
481.74
476.4
471.24
465.87
461.17
456.09
451.43
446.88
441.57
436.4
430.9
425.74
421.18
415.76
411.19
405.99
401.24
396.6
391.28
386.48
381.17
376.64
372.11
367.35
362.06
357.09
352.17
347.14
342.41
337.33
332.81
327.77
322.39
317.48
312.23
307.15
301.89
296.66
291.54
286.85
282.24
277.64
272.69
267.85
263.04
257.87
253.22
700
694.61
689.52
684.59
679.82
674.83
669.83
665.0
660.04
654.86
650.23
645.69
640.62
635.7
630.86
626.18
620.71
615.65
610.25
605.14
599.66
595.0
589.86
585.05
580.36
574.93
569.71
564.84
560.21
555.35
550.14
545.11
540.43
535.75
530.3
525.56
520.9
515.54
510.31
505.63
500.66
495.55
490.8
486.24
481.24
476.02
471.15
466.41
461.3
456.57
452.01
447.36
442.28
437.2
432.32
427.1
422.44
417.84
412.92
407.57
402.54
397.76
392.36
387.24
382.54
377.27
372.42
367.86
362.62
357.18
351.69
346.72
341.63
336.82
331.88
327.04
322.18
316.99
312.22
307.08
301.77
296.36
291.69
286.52
281.62
276.64
271.36
266.79
261.46
256.64
251.86
700
694.97
689.65
684.71
680.2
674.91
670.09
664.78
660.06
654.57
649.86
644.42
639.26
634.5
629.86
624.9
619.63
614.94
609.68
604.78
599.91
594.8
590.09
585.13
579.92
574.87
569.67
564.6
559.62
554.51
550.0
544.79
539.39
533.97
529.27
524.41
519.58
514.7
509.59
504.5
499.9
494.68
489.35
484.36
478.92
474.09
468.84
463.45
458.65
453.95
449.38
444.02
438.7
433.26
428.02
422.92
417.53
412.22
407.66
402.62
397.9
392.59
388.0
382.78
377.82
372.75
367.32
362.67
357.3
352.58
347.43
342.12
336.7
331.83
327.25
322.05
316.58
311.57
306.69
301.93
296.84
291.46
286.95
282.15
277.39
272.1
267.12
262.6
258.04
253.49
700
694.56
689.92
685.24
680.65
675.91
670.54
665.33
660.02
654.83
650.08
645.49
640.45
635.62
630.22
624.96
619.49
614.18
608.79
604.22
599.52
594.19
589.4
584.04
579.25
574.0
568.65
564.0
558.58
553.33
547.83
543.18
538.54
533.17
528.13
523.26
518.12
513.18
508.11
503.16
497.95
493.39
488.6
483.9
478.88
473.51
468.98
463.88
459.21
454.45
449.74
444.85
439.92
434.87
430.08
425.02
419.74
415.04
410.11
404.82
400.16
395.61
390.83
385.74
380.43
375.39
370.19
365.49
360.76
356.01
351.1
345.67
340.31
334.89
329.96
325.0
319.86
314.92
309.48
304.02
299.1
293.66
288.51
283.99
278.5
273.25
268.37
263.2
258.35
253.08
700
694.66
689.75
685.2
680.43
675.37
670.5
665.15
659.67
654.64
649.73
644.67
639.43
634.55
629.25
624.09
619.25
613.81
608.92
603.79
598.49
593.31
588.58
583.53
578.34
573.3
567.87
563.09
558.56
553.09
548.45
543.75
538.92
533.59
528.86
523.6
518.17
513.06
507.82
503.22
497.93
492.97
488.36
483.53
478.06
472.58
468.0
462.9
458.36
453.6
448.6
443.1
438.11
432.72
427.32
422.52
417.7
412.45
407.25
402.46
397.11
391.75
386.67
381.59
376.58
371.77
367.06
362.52
357.65
352.2
347.65
342.91
337.6
332.72
327.91
323.38
318.74
314.0
308.93
303.68
298.45
293.1
288.03
282.9
277.77
272.46
267.2
261.92
256.57
251.26
700
694.55
689.78
684.34
678.98
673.54
668.37
663.31
658.26
652.97
648.19
643.1
637.75
633.03
627.64
622.5
617.0
612.08
607.33
602.74
597.62
592.9
587.93
582.63
577.81
573.09
567.65
562.21
557.04
552.47
547.77
542.56
537.39
532.83
527.51
522.19
517.03
512.46
506.96
501.66
497.09
491.86
486.62
481.28
475.83
470.74
465.85
460.53
455.76
450.67
446.1
441.18
436.27
430.84
426.28
421.54
416.52
411.5
406.76
401.91
396.47
391.89
386.83
382.1
377.2
371.74
366.35
361.32
356.49
351.55
346.14
341.33
336.59
331.61
326.17
320.88
316.24
311.65
306.61
301.52
296.07
290.9
286.19
281.53
276.95
271.82
266.45
261.26
256.49
251.11
700
695.38
689.96
684.95
680.36
675.21
669.75
665.18
150
150
150
150
150
150
150
150
150
150
150
150
150
150
150
150
150
150
150
150
