695.28
690.73
685.47
680.23
675.66
671.14
666.47
661.49
656.67
652.01
646.88
641.97
636.5
631.48
626.14
620.65
615.72
610.69
605.81
600.84
595.43
590.55
585.83
580.84
575.66
570.45
565.42
559.99
555.3
549.96
544.98
540.32
535.05
530.07
524.75
519.55
514.67
509.9
504.79
499.44
494.6
489.62
485.01
479.68
474.92
469.61
464.59
460.01
455.43
449.95
445.06
440.42
435.38
430.19
424.74
419.86
415.32
410.72
405.95
401.19
395.95
390.92
386.26
381.69
376.58
371.68
366.53
361.51
356.75
352.17
347.5
342.81
338.1
333.2
328.23
323.34
317.99
313.27
308.7
303.65
298.42
293.07
288.18
283.29
278.14
273.45
268.54
263.7
258.69
253.42
700
695.25
689.88
685.35
680.78
675.29
670.14
665.51
660.08
655.37
649.95
645.27
640.32
634.86
629.67
624.62
620.06
615.05
609.86
604.55
599.38
594.41
589.6
584.24
579.21
574.44
569.4
564.8
560.08
555.06
550.51
545.29
539.88
534.47
529.65
524.92
520.16
514.9
509.77
504.75
499.75
494.48
489.32
484.57
479.74
475.21
469.98
465.14
459.8
454.71
449.34
444.26
439.67
434.22
429.66
424.86
419.48
414.07
408.85
404.32
399.52
394.34
389.52
384.51
379.97
374.5
369.44
364.89
359.43
354.64
349.59
345.03
340.45
335.75
330.62
325.63
320.75
315.61
310.37
305.2
299.71
294.73
289.51
284.98
279.58
274.35
269.56
264.86
260.28
255.63
250.54
700
694.69
689.33
684.25
678.93
673.43
668.4
663.42
658.89
654.31
649.31
644.79
639.46
634.61
629.87
624.88
620.03
614.75
609.64
150
150
